Site	Cluster	Site	Total_nitrogen	Carbon_nitrogen_ratio	pH	Phosphore	Calcium	Magnesium	Sodium	Potassium	Iron	Aluminium	WHC	Organic_carbon	Soil_organic_matter	Manganese	Temp_high_Week1	Temp_low_Week1	Temp_avg_Week1	Dewpoint_high_Week1	Dewpoint_low_Week1	Dewpoint_avg_Week1	Humidity_high_Week1	Humidity_low_Week1	Humidity_avg_Week1	Windgust_Week1	Wind_high_Week1	Wind_low_Week1	Pressure_high_Week1	Pressure_low_Week1	Precipitation	Temp_high_Week2	Temp_low_Week2	Temp_avg_Week2	Dewpoint_high_Week2	Dewpoint_low_Week2	Dewpoint_avg_Week2	Humidity_high_Week2	Humidity_low_Week2	Humidity_avg_Week2	Windgust_Week2	Wind_high_Week2	Wind_low_Week2	Pressure_high_Week2	Pressure_low_Week2	Precipitation	Temp_high_Week3	Temp_low_Week3	Temp_avg_Week3	Dewpoint_high_Week3	Dewpoint_low_Week3	Dewpoint_avg_Week3	Humidity_high_Week3	Humidity_low_Week3	Humidity_avg_Week3	Windgust_Week3	Wind_high_Week3	Wind_low_Week3	Pressure_high_Week3	Pressure_low_Week3	Precipitation	Temp_high_Week4	Temp_low_Week4	Temp_avg_Week4	Dewpoint_high_Week4	Dewpoint_low_Week4	Dewpoint_avg_Week4	Humidity_high_Week4	Humidity_low_Week4	Humidity_avg_Week4	Windgust_Week4	Wind_high_Week4	Wind_low_Week4	Pressure_high_Week4	Pressure_low_Week4	Precipitation	PCoA1_plant_communities	PCoA2_plant_communities	PCoA3_plant_communities	Shannon_diversity_plant_communities	Plant_cover
1	1	AMBR-A	2.735	22.05	7.895	0.0805	14	1.485	0.0713	0.4525	0	0.01285	0.448734307	61.3	106.25	0	16.5	14.3	12.4	15.3	12.7	9.9	98	90	68	10.8	4.1	0	1021.67	1018.63	10.44	18.8	14.4	11.8	14.1	11.9	9.7	97	86	63	11.9	5.2	0	1021	1018.63	0.56	16.8	12.6	9.6	12.7	10.9	9.2	99	90	74	9.7	3.6	0	1018.63	1015.58	0.81	17.5	10.9	4.1	9.1	4.8	1.5	87	67	51	10.5	2.7	0	1021	1016.26	0	-0.178220634	-0.237244807	-0.063761753	2.05371789	2.5
2	2	ANGE-A	1.0245	12.7	8.445	0.0505	12.4	0.6545	0.01885	0.4375	0	0.0235	0.276941943	12.95	22.45	0	26.1	19.2	12	18.5	13.4	7.3	91	70	51	14	1.6	0	1003.05	996.95	0	19.8	15.4	11	17.1	13.9	10.7	98	91	77	9.7	0.3	0	1001.36	999.66	1.27	25.8	16.1	7.3	13.5	7.6	4.4	85	60	29	10.8	1	0	998.65	994.92	0	16.3	10.8	6.1	12	8.3	5.2	98	85	68	38.5	3.5	0	999.66	994.24	1.52	-0.279495409	-0.094667429	0.08994514	1.000702145	1
3	2	ANGE-B	2.85	11.05	7.815	0.041	20.2	1.059	0.0243	0.3115	0.00275	0.03235	0.342327142	31.45	54.5	0	26.1	19.2	12	18.5	13.4	7.3	91	70	51	14	1.6	0	1003.05	996.95	0	19.8	15.4	11	17.1	13.9	10.7	98	91	77	9.7	0.3	0	1001.36	999.66	1.27	25.8	16.1	7.3	13.5	7.6	4.4	85	60	29	10.8	1	0	998.65	994.92	0	16.3	10.8	6.1	12	8.3	5.2	98	85	68	38.5	3.5	0	999.66	994.24	1.52	0.115094034	0.074259739	-0.144372585	1.573634198	2
4	2	AUZE-A	1.074	13.85	7.235	0.028	6.08	0.398	0.016	0.2065	0.0038	0.023	0.177783312	14.805	25.65	0.0102	24.6	18.5	14.3	15.4	13.2	9.3	90	73	50	28.8	3.6	0	1079.78	1073.69	0	18.7	14.5	10.8	16.2	13.7	10.5	99	95	82	6.5	0.5	0	1077.41	1075.69	2.79	22.3	15.1	8.9	10.4	7.2	2.8	92	62	30	23	4.6	0	1075.31	1071.39	0	17.6	11.1	7.4	10.9	8.7	6.3	97	86	60	14.4	1.2	0	1076.09	1070.71	4.39	-0.137796298	-0.063804571	-0.289599999	1.888546791	2.5
5	3	AXLE-A	1.625	48.5	8.325	0.044	10.285	0.5645	0.0267	0.1425	0.00725	0.0326	0.225700831	78.7	136	0	15.3	11.5	7.7	12.2	10.1	7.2	98	91	72	32.2	10.7	0	1022.01	1018.29	12.45	12.5	10.2	8.1	10.6	8.8	7.8	97	91	79	32.2	14.1	4.8	1021.33	1018.29	17.78	14.3	10.4	6.3	10	7.5	5	94	83	66	37	13.7	1.6	1017.27	1015.24	0	12.2	7.5	2.4	6.7	3.1	-0.6	84	74	61	32.2	12.8	0	1021.67	1017.27	0	0.157807395	-0.016235818	-0.139468843	1.761346932	4.5
6	2	BAGNB-B	2.015	12.1	7.22	0.078	10.24	1.1	0.1427	0.2685	0.0089	0.047	0.364684425	24.3	42.05	0.0144	33.2	26.8	11.9	12.4	10.1	6.4	70	37	23	15.1	3.8	0	999.66	996.28	0	19.6	17.2	13.5	15.2	13.6	11.5	89	80	74	28	8.8	0	1000.68	999.32	9.4	19.3	15.6	5.6	8.5	6.1	2.6	81	54	43	18	4.2	0	999.66	997.29	0	19.1	16.2	10.9	10.9	9.3	6.6	76	64	58	11.9	3.6	0	1005.08	999.66	0	0.101640319	0.297209628	-0.450148003	1.687757072	4
7	3	BANI-A	4.625	10.155	6.68	0.0775	15.7	1.875	0.0889	0.3025	0	0.0156	0.645490707	46.9	81.15	0.02825	24.8	17.1	9.7	16.9	13	9.5	99	79	43	15.8	1.4	0	1005.08	1003.05	0.25	18	13.8	11.1	14.9	12.4	10.6	98	92	76	8.9	0.4	0	1006.1	1003.05	0.51	17.1	10.8	8.6	11	8.7	6.3	98	88	52	33.8	2.9	0	1009.82	1006.1	8.38	19.1	14.8	11.6	14	11.7	10	97	83	59	14.6	2.1	0	1012.87	1009.82	0	0.214059707	-0.240722032	-0.049995144	1.43228424	3.5
8	2	BANI-C	1.895	9.355	8.38	0.064	11.9	0.346	0.0223	0.116	0.0035	0.03325	0.429160984	17.6	30.5	0	24.8	17.1	9.7	16.9	13	9.5	99	79	43	15.8	1.4	0	1005.08	1003.05	0.25	18	13.8	11.1	14.9	12.4	10.6	98	92	76	8.9	0.4	0	1006.1	1003.05	0.51	17.1	10.8	8.6	11	8.7	6.3	98	88	52	33.8	2.9	0	1009.82	1006.1	8.38	19.1	14.8	11.6	14	11.7	10	97	83	59	14.6	2.1	0	1012.87	1009.82	0	-0.246467653	0.10235233	-0.264909338	1.368399173	2
9	1	BARA-C	2.709189759	14.27674699	7.525424242	0.095039634	12.80674847	1.295555215	0.052942025	0.587377914	0.004306442	0.038334663	0.306212454	38.49271084	66.60503012	0.01310184	14.7	9.5	7	12.1	8.1	6.5	97	92	74	18.3	3.6	0	1017.95	1015.24	4.83	26.7	21.1	13.5	14.2	11.4	9	79	55	34	15	3.6	0	1021.67	1019.3	0	19.2	12.6	8.7	13.7	10.5	6.2	97	88	66	14.3	1.7	0	1018.29	1016.93	0.76	19.9	13.3	5.9	9	4.8	2.2	85	59	33	17.9	2.3	0	1013.88	1008.13	0	0.227944415	-0.186920525	-0.009548073	2.138884903	2
10	2	BARC-A	3.05	12.4	7.775	0.1285	15.55	0.9805	0.0507	0.387	0	0.0279	0.380871202	39.45	68.2	0	27.2	17.4	7.1	14.1	9.1	6	95	61	31	15.5	2.7	0	1017.81	1011.51	0	17.5	14.3	13	16.5	13.9	12.7	99	98	90	10.8	2.8	0	1016.29	1013.21	10.69	20	11.5	3.2	9.2	5.7	2.4	99	71	35	10.8	1.6	0	1016.9	1012.19	0	20.9	15.1	11	12	10	8.8	89	73	48	9.4	2	0	1024.11	1014.6	0	0.077044498	0.277104437	-0.209430279	1.309023832	1.5
11	2	BARR-A	8.61	13.75	7.19	0.1605	32.6	2.425	0.03685	0.8625	0.01	0.04955	0.287442729	118.5	205	0	25.6	17.5	10.6	18	11.8	5.7	88	70	49	9.7	1.4	0	980.12	973.93	0	19.3	13.4	9.9	15.9	12.5	9.7	99	95	70	4.7	0.4	0	977.72	975.82	0.79	23	12.7	3.5	9.6	5	1.9	97	65	27	8.7	1.2	0	975.82	971.72	0	15.9	8.5	2.6	10.9	6.8	2.4	99	90	64	8.7	0.8	0	975.72	970.74	4.29	0.090130001	-0.077683727	0.031608288	2.058399967	2
12	1	BELC-A	2.709189759	14.27674699	7.525424242	0.095039634	12.80674847	1.295555215	0.052942025	0.587377914	0.004306442	0.038334663	0.368813573	38.49271084	66.60503012	0.01310184	15.4	11.3	6.5	9.8	7.3	3.4	97	77	60	20.4	4.8	0	1016.26	1011.51	0	18.6	12.6	8	14.5	11.2	7.9	99	92	69	15.4	3	0	1020.66	1018.29	0	17.4	11.2	4.2	12.5	8.9	4.1	99	87	60	20.4	4.2	0	1017.27	1014.22	4.06	14.2	10.9	8.9	9.6	8.1	5.6	98	84	60	16.1	5.4	0	1013.88	1011.18	3.3	0.245105583	0.202007925	0.287310894	1.201367004	0
13	1	BELC-C	1.62	12.25	6.705	0.0575	4.98	1.154	0.0249	0.349	0	0.2	0.397100037	19.8	34.25	0.073	15.4	11.3	6.5	9.8	7.3	3.4	97	77	60	20.4	4.8	0	1016.26	1011.51	0	18.6	12.6	8	14.5	11.2	7.9	99	92	69	15.4	3	0	1020.66	1018.29	0	17.4	11.2	4.2	12.5	8.9	4.1	99	87	60	20.4	4.2	0	1017.27	1014.22	4.06	14.2	10.9	8.9	9.6	8.1	5.6	98	84	60	16.1	5.4	0	1013.88	1011.18	3.3	-0.078076821	0.135710917	0.281445369	1.606448156	1.5
14	3	BERNA-A	2.105	10.8	6.33	0.155	7.015	1.21	0.0594	0.677	0	0.0663	0.467605146	22.65	39.2	0.06425	29	18.2	6.6	14.9	8.8	3.1	96	59	20	12.6	3.2	0	1016.93	1011.18	0	18	14.4	12.2	16.7	13.9	12	99	97	87	13.4	1.5	0	1016.26	1013.21	9.91	17.5	10.2	1.9	9.1	5.8	1.7	99	77	48	12.2	1.8	0	1016.59	1011.85	0	17.4	13.2	9	12.9	10.8	8.7	99	86	70	10.8	1.4	0	1023.71	1014.56	0	0.219213388	0.092158078	0.147511201	2.832144467	2.5
15	2	BESS-A	9.025	15.95	7.505	0.592	23.485	9.705	0.11255	4.2105	0.00795	0.0383	0.555023794	145.8	251.85	0.03785	25.7	17.4	11.1	13.3	8	2.7	79	56	35	15	2.4	0	1024.38	1018.96	0	18.2	11.8	7	12	8.4	3.5	94	81	62	9.7	0.7	0	1021	1019.3	0	21.9	12.5	3.4	6.5	2.9	-0.2	91	57	25	12.9	2.3	0	1019.98	1015.92	0	15.1	7.3	3.4	9.3	4.8	2.1	96	85	60	16.1	2.1	0	1019.3	1013.88	3.56	0.113810287	0.240825935	0.341111933	1.185437287	1
16	2	BOULO-A	2.35	10.4	8.365	0.032	19.8	0.4625	0.0513	0.347	0.00265	0.01605	0.493201689	24.2	41.85	0	25.8	17	8	13.9	9.1	6.2	89	62	32	12.2	2.5	0	1025.8	1019.81	0	16.1	13.8	12.6	15.5	13.4	12.3	99	98	92	17.3	4.8	0	1024.21	1021	11.99	18.9	11.8	5.1	9.2	5.5	3.4	91	67	41	23	2.8	0	1024.31	1020.22	0	19.9	14.2	11.6	12.4	10	8.5	88	77	54	18	4.4	0	1031.9	1022.49	0	-0.226652531	-0.226057327	0.028082109	1.513678486	4
17	3	BROU-A	2.105	12.05	6.605	0.032	6.945	2.26	0.03045	0.784	0.00325	0.02715	0.419316802	25.5	44.15	0.0593	13	9.3	7.4	8.3	7.3	6.5	96	87	66	17.9	4.7	0	1006.77	1005.08	0	17.3	12.5	10	13.6	11.1	9.5	97	92	76	15.4	5.8	0	1014.9	1012.87	0	15.9	10.4	6.4	11	8.1	5.3	98	86	55	21.9	7.2	0	1011.85	1008.81	4.32	12.5	9.3	7.5	8.3	7.2	5.3	99	88	67	19.8	9.6	0	1007.79	1006.1	1.52	0.289117273	-0.169514567	-0.04749143	2.29791378	5
18	3	BROU-C	2.915	12.25	6.6	0.0735	7.65	1.665	0.2365	0.841	0.00285	0.03535	0.463285287	35.65	61.7	0.04975	13	9.3	7.4	8.3	7.3	6.5	96	87	66	17.9	4.7	0	1006.77	1005.08	0	17.3	12.5	10	13.6	11.1	9.5	97	92	76	15.4	5.8	0	1014.9	1012.87	0	15.9	10.4	6.4	11	8.1	5.3	98	86	55	21.9	7.2	0	1011.85	1008.81	4.32	12.5	9.3	7.5	8.3	7.2	5.3	99	88	67	19.8	9.6	0	1007.79	1006.1	1.52	0.061421795	-0.142403	0.014311359	2.361872654	5
19	2	BULA-A	11.5	21.7	7.525424242	0.095039634	12.80674847	1.295555215	0.052942025	0.587377914	0.004306442	0.038334663	0.401374823	249	432	0.01310184	24.8	17.1	9.7	16.9	13	9.5	99	79	43	15.8	1.4	0	1005.08	1003.05	0.25	18	13.8	11.1	14.9	12.4	10.6	98	92	76	8.9	0.4	0	1006.1	1003.05	0.51	17.1	10.8	8.6	11	8.7	6.3	98	88	52	33.8	2.9	0	1009.82	1006.1	8.38	19.1	14.8	11.6	14	11.7	10	97	83	59	14.6	2.1	0	1012.87	1009.82	0	-0.416939465	0.124289836	-0.035809276	0.944854975	1
20	1	CAMA-C	2.435	13.4	8.255	0.063	11.15	1.64	0.1485	0.4435	0.0031	0.02545	0.48735116	32.65	56.5	0	20	13	9.1	11.7	9.1	5.8	96	80	44	11.4	0.9	0	994.92	989.84	0	21.6	14.4	9.3	14	9.7	5.8	96	76	39	14.6	2	0	1006.77	1005.08	0	13.6	10.8	7.4	13.1	10.2	6.8	97	97	95	11.1	0.7	0	994.92	988.83	20.57	9.6	5.8	0.1	5.5	1.7	-2.1	93	76	57	12.9	2.4	0	1002.03	998.98	0	0.277137243	0.105090611	0.190436864	1.252760814	0.5
21	3	CAMA-D	1.955	10.2	7.29	0.0735	10.4	1.925	0.0461	0.4275	0	0.0129	0.326320697	19.9	34.4	0.00845	20	13	9.1	11.7	9.1	5.8	96	80	44	11.4	0.9	0	994.92	989.84	0	21.6	14.4	9.3	14	9.7	5.8	96	76	39	14.6	2	0	1006.77	1005.08	0	13.6	10.8	7.4	13.1	10.2	6.8	97	97	95	11.1	0.7	0	994.92	988.83	20.57	9.6	5.8	0.1	5.5	1.7	-2.1	93	76	57	12.9	2.4	0	1002.03	998.98	0	0.200109014	-0.141495112	-0.029757513	1.990711376	5
22	1	CARL-A	1.52	11.25	8.205	0.065	12.65	0.3575	0.01385	0.3635	0	0.01255	0.311795855	17	29.45	0	16.3	14.5	12.5	12.2	9.5	7.2	86	73	60	29	9.1	0	1023.71	1019.98	0	18.9	14.2	11.5	11.7	9.6	8.3	82	74	61	25.7	11.1	0	1022.69	1020.32	0	19.4	13.3	9.6	8.3	6.4	4.4	74	64	46	22.5	9.7	1.6	1018.96	1016.59	0	17.6	11.4	5.9	5	1.2	-2.2	58	50	37	19.3	5.9	0	1022.69	1018.63	0	0.093867776	-0.113257832	-0.025099356	1.175936914	1
23	1	CASS-A	2.255	20.95	7.085	0.0565	9.21	1.32	0.04965	0.4995	0.0089	0.0497	0.366751073	47.2	81.7	0.01965	16.1	11	7.2	10.4	8.2	4.4	99	84	62	21.2	5.4	0	1014.53	1009.72	0	18.4	13	9.5	14.6	11.8	9.3	99	93	76	19.8	4.9	0	1019.64	1016.93	0	17.7	11.8	7.6	13.1	10	7.4	99	90	66	24.8	7	0	1015.82	1012.53	5.41	14.1	10.7	8.8	10.4	8.8	7	99	89	68	24.8	8.8	0	1012.84	1010.33	2.49	0.173144027	-0.119082623	-0.132110797	0.324216305	1
24	2	CAST-A	0.916	17.15	8.3	0.1235	9.89	1.695	0.032	0.7675	0.0026	0.0309	0.369586412	15.55	26.9	0	25.9	19.6	13.4	14.7	12.4	8	83	65	43	22.2	3.9	0	1015.92	1010.16	0	20	15.4	11.6	16.1	13.7	10.6	99	90	74	8.2	1.3	0	1013.88	1012.19	1.02	24.7	15.6	7.3	9.7	5.8	2.8	87	56	26	25.1	3.4	0	1012.19	1007.45	0	16.8	11.3	7.8	11	7.7	5.4	93	80	58	29.5	4.2	0	1012.53	1007.45	0.76	-0.298568325	-0.117835753	-0.159459212	1.64049278	5
25	2	CASTI-A	7.16	13.5	7.585	0.308	22.5	1.424	0.0459	1.463	0.0138	0.0704	1.393934903	97.3	168.1	0.0031	17.7	13.4	10.4	14.8	12.1	8.7	99	92	73	9	0.9	0	1044.5	1040.4	10.9	18.7	13.3	9.1	12.3	9.8	7.8	99	81	53	16.2	2	0	1043.52	1040.2	0	19	11.7	3.8	11.8	8.4	3.7	99	83	51	12.6	1.4	0	1039.38	1036.3	1.19	17.7	9.4	1.2	7.3	4	0.5	97	72	42	15.1	1.8	0	1042.91	1038	0	0.089250193	0.137572477	0.214961649	2.067111725	1.5
26	3	CEPE-A	0.7795	10.3	8.59	0.0645	14.55	0.8735	0.09465	0.467	0.00285	0.03255	0.328971683	8.065	13.95	0	26.9	18.3	7.4	18.9	13.3	6.8	97	76	44	14	1.8	0	1019.98	1014.9	0	20.9	15.4	11.5	17	13.9	11.1	98	91	73	8.5	0.7	0	1017.95	1016.93	5.08	26.6	13.6	3.3	12.7	6.4	2.3	98	69	23	11.1	1.5	0	1016.93	1011.85	0	16.6	9.6	3.4	12	7.3	2.9	98	87	62	19	3.6	0	1016.93	1011.85	0.76	0.149189419	-0.091261145	-0.002344169	2.193509367	5
27	2	CIER-A	2.295	18.5	7.62	0.0575	8.965	0.484	0.01955	0.215	0.004	0.03205	0.231239209	41.45	71.65	0.01535	23.3	16	10.3	14.8	12.7	10.3	100	83	52	6.9	1.1	0	1018.96	1016.59	0.53	20	14.1	9.9	13.7	11.6	9.4	98	85	59	5	0.6	0	1017.95	1015.24	0.51	14.9	10.5	9.1	11.4	9.5	8.1	100	94	67	4	0.4	0	1022.35	1018.63	5.74	20.5	15.6	11.8	13	11.7	10.2	98	79	58	7.2	1.7	0	1025.4	1022.69	0	-0.201908303	0.311208694	-0.243092768	1.188411793	0.5
28	2	CIER-B	4.325	9.585	7.37	0.0445	13.2	1.03	0.0273	0.2755	0.0026	0.0278	0.422470268	41.55	71.9	0.01295	23.3	16	10.3	14.8	12.7	10.3	100	83	52	6.9	1.1	0	1018.96	1016.59	0.53	20	14.1	9.9	13.7	11.6	9.4	98	85	59	5	0.6	0	1017.95	1015.24	0.51	14.9	10.5	9.1	11.4	9.5	8.1	100	94	67	4	0.4	0	1022.35	1018.63	5.74	20.5	15.6	11.8	13	11.7	10.2	98	79	58	7.2	1.7	0	1025.4	1022.69	0	0.231637515	-0.080239553	-0.040912257	1.136916592	0
29	3	CIER-C	2.19	9.21	7.43	0.0255	5.66	0.394	0.02295	0.152	0.0101	0.03765	0.2226783	20.1	34.8	0.01125	23.3	16	10.3	14.8	12.7	10.3	100	83	52	6.9	1.1	0	1018.96	1016.59	0.53	20	14.1	9.9	13.7	11.6	9.4	98	85	59	5	0.6	0	1017.95	1015.24	0.51	14.9	10.5	9.1	11.4	9.5	8.1	100	94	67	4	0.4	0	1022.35	1018.63	5.74	20.5	15.6	11.8	13	11.7	10.2	98	79	58	7.2	1.7	0	1025.4	1022.69	0	0.101953484	-0.13511897	0.007397433	2.379709997	3
30	3	CINT-A	1.495	13.25	7.355	0.0545	7.345	0.669	0.03015	0.381	0.00875	0.0528	0.217449705	19.8	34.25	0.0083	17.5	14.5	12	14.8	13.3	11.4	97	92	75	26.2	7.4	0	1025.06	1022.01	15.75	19	14.9	11	14.6	12.2	9.5	93	85	63	22.2	9.3	0	1025.06	1022.01	1.02	19.5	13.4	7	13.1	10.4	6.5	97	84	58	26.6	5.7	0	1021	1017.95	1.02	19	10.4	2.1	9.4	5.7	1.4	97	75	41	22.2	4	0	1024.04	1019.98	0	-0.083820397	-0.258819037	-0.141960211	1.812668985	3.5
31	3	CINT-B	2.825	13.25	6.965	0.05	11.2	1.33	0.03135	0.73	0.00275	0.03355	0.48561213	37.4	64.7	0.0095	17.5	14.5	12	14.8	13.3	11.4	97	92	75	26.2	7.4	0	1025.06	1022.01	15.75	19	14.9	11	14.6	12.2	9.5	93	85	63	22.2	9.3	0	1025.06	1022.01	1.02	19.5	13.4	7	13.1	10.4	6.5	97	84	58	26.6	5.7	0	1021	1017.95	1.02	19	10.4	2.1	9.4	5.7	1.4	97	75	41	22.2	4	0	1024.04	1019.98	0	0.142486889	-0.166850105	-0.054262539	2.497738619	3.5
32	2	CLAR-A	1.0425	10.8	6.355	0.088	5.225	0.6935	0.0367	0.689	0.01	0.0757	0.249334377	11.25	19.45	0.08965	26.3	18.7	13.4	19.5	14.4	10.4	90	77	53	17.2	2.6	0	999.32	993.43	0	20.9	15.5	11.7	18.1	14.3	11.3	98	93	78	6.9	0.5	0	997.02	995.23	1.8	23.6	14	5.8	14.6	8.9	4.5	94	74	40	13	3	0	995.02	990.93	0	17.8	9.8	4.2	11.7	7.5	3.7	97	87	63	17.7	2.9	0	996.04	990.52	3.3	-0.044578605	0.249922824	-0.326128182	1.391105696	5
33	3	CLAR-B	2.205	11.6	6.955	0.114	10.26	1.255	0.0332	0.7105	0	0.02375	0.237316818	25.45	44.05	0.03755	26.3	18.7	13.4	19.5	14.4	10.4	90	77	53	17.2	2.6	0	999.32	993.43	0	20.9	15.5	11.7	18.1	14.3	11.3	98	93	78	6.9	0.5	0	997.02	995.23	1.8	23.6	14	5.8	14.6	8.9	4.5	94	74	40	13	3	0	995.02	990.93	0	17.8	9.8	4.2	11.7	7.5	3.7	97	87	63	17.7	2.9	0	996.04	990.52	3.3	0.233213686	-0.125368882	-0.039933258	2.349654155	4.5
34	2	CLAR-C	4.495	20.95	7.255	0.1685	17.55	2.228	0.05395	0.8945	0.00665	0.038	0.386278057	85.9	149	0.04275	26.3	18.7	13.4	19.5	14.4	10.4	90	77	53	17.2	2.6	0	999.32	993.43	0	20.9	15.5	11.7	18.1	14.3	11.3	98	93	78	6.9	0.5	0	997.02	995.23	1.8	23.6	14	5.8	14.6	8.9	4.5	94	74	40	13	3	0	995.02	990.93	0	17.8	9.8	4.2	11.7	7.5	3.7	97	87	63	17.7	2.9	0	996.04	990.52	3.3	-0.116665788	-0.081527112	0.066741625	0.500336613	0.5
35	2	COLO-A	9.275	12.3	5.505	0.1305	18.3	2.15	0.073	1.042	0.0074	0.08265	0.598275797	114.75	198.5	0.14115	15.4	11.3	6.5	9.8	7.3	3.4	97	77	60	20.4	4.8	0	1016.26	1011.51	0	18.6	12.6	8	14.5	11.2	7.9	99	92	69	15.4	3	0	1020.66	1018.29	0	17.4	11.2	4.2	12.5	8.9	4.1	99	87	60	20.4	4.2	0	1017.27	1014.22	4.06	14.2	10.9	8.9	9.6	8.1	5.6	98	84	60	16.1	5.4	0	1013.88	1011.18	3.3	0.270595542	-0.013078924	0.054722068	1.580888629	1.5
36	1	COLO-B	3.065	21.85	7.45	0.0485	14.45	1.85	0.1185	0.6565	0	0	0.401447353	70.85	122.5	0.00905	15.4	11.3	6.5	9.8	7.3	3.4	97	77	60	20.4	4.8	0	1016.26	1011.51	0	18.6	12.6	8	14.5	11.2	7.9	99	92	69	15.4	3	0	1020.66	1018.29	0	17.4	11.2	4.2	12.5	8.9	4.1	99	87	60	20.4	4.2	0	1017.27	1014.22	4.06	14.2	10.9	8.9	9.6	8.1	5.6	98	84	60	16.1	5.4	0	1013.88	1011.18	3.3	-0.327294517	0.034412157	0.241717914	1.106974822	1
37	1	COLO-C	2.74	12	7.44	0.062	14.25	1.345	0.0757	0.9775	0	0	0.538915933	32.9	56.9	0	15.4	11.3	6.5	9.8	7.3	3.4	97	77	60	20.4	4.8	0	1016.26	1011.51	0	18.6	12.6	8	14.5	11.2	7.9	99	92	69	15.4	3	0	1020.66	1018.29	0	17.4	11.2	4.2	12.5	8.9	4.1	99	87	60	20.4	4.2	0	1017.27	1014.22	4.06	14.2	10.9	8.9	9.6	8.1	5.6	98	84	60	16.1	5.4	0	1013.88	1011.18	3.3	0.230988633	0.175251746	0.26238853	1.561394176	1
38	3	COMT-A	1.385	11.4	6.51	0.03	5.775	1.035	0.0235	0.521	0.0027	0.05	0.366871127	15.8	27.35	0.0361	14.7	10.4	7	9.1	6.7	2.5	95	79	67	42.8	8.8	0	1023.03	1018.32	0	20.5	13.5	10.2	15.6	12	10	99	91	69	13.7	2.7	0	1027.63	1025.53	0	19.7	11.3	7.3	13.1	8.6	6.4	99	84	55	32.8	5	0	1024.21	1021.13	6.91	15.6	10.1	6.4	9.3	7.5	6.1	99	85	60	21.2	3.2	0	1023.84	1020.83	4.09	0.272687531	-0.153206007	-0.049725142	1.893515224	5
39	1	CRAN-A	2.57	19.8	7.57	0.068	12.8	1.78	0.0905	0.485	0.0054	0.0329	0.196375246	50.7	87.7	0	19.2	14.8	8.9	10.3	7.4	3.4	86	63	44	15.4	3.1	0	1015.92	1010.84	0	22.9	15.9	10.4	14.5	12.5	9.8	96	82	55	11.4	1.4	0	1019.98	1017.95	0	22.6	15	7.7	12.5	9.6	6.7	95	73	42	14	1.9	0	1016.93	1013.88	0.25	18.3	13.6	10.2	11.2	8.9	6.3	95	76	47	11.7	1.6	0	1012.87	1010.84	3.81	0.250579689	-0.129878513	-0.04341914	1.382123717	1
40	1	DAMI-A	1.235	22	8.18	0.0355	7.37	0.818	0.0109	0.116	0	0	0.174797713	27.15	47	0	15.3	11.1	9	11.3	9	7.9	94	87	66	33	11.2	0	1004.06	1001.02	7.87	25.3	18.6	12.2	17	12.5	5.9	87	68	49	17.2	7.2	0	1006.1	998.98	0	26.5	18.6	14.2	19.2	15.3	12.3	96	83	52	13.7	3.5	0	1003.05	1000	1.02	22.6	15.4	7	11.7	6.3	3.5	82	57	32	23.3	4.6	0	997.97	991.87	0	0.250199095	0.014977487	0.120800725	1.277034259	1
41	1	DAMI-B	1.09	12.75	7.905	0.05	10.05	1.655	0.02675	0.45	0.00445	0.0462	0.366110619	13.95	24.1	0.00625	15.3	11.1	9	11.3	9	7.9	94	87	66	33	11.2	0	1004.06	1001.02	7.87	25.3	18.6	12.2	17	12.5	5.9	87	68	49	17.2	7.2	0	1006.1	998.98	0	26.5	18.6	14.2	19.2	15.3	12.3	96	83	52	13.7	3.5	0	1003.05	1000	1.02	22.6	15.4	7	11.7	6.3	3.5	82	57	32	23.3	4.6	0	997.97	991.87	0	0.273222113	-0.014926908	0.043566271	1.457586344	2.5
42	1	DAMI-C	1.845	16.3	7.755	0.07	11.85	0.922	0.02135	0.4035	0.0026	0.02515	0.265073947	29.95	51.85	0.0025	15.3	11.1	9	11.3	9	7.9	94	87	66	33	11.2	0	1004.06	1001.02	7.87	25.3	18.6	12.2	17	12.5	5.9	87	68	49	17.2	7.2	0	1006.1	998.98	0	26.5	18.6	14.2	19.2	15.3	12.3	96	83	52	13.7	3.5	0	1003.05	1000	1.02	22.6	15.4	7	11.7	6.3	3.5	82	57	32	23.3	4.6	0	997.97	991.87	0	0.210814733	-0.122063828	-0.072625567	0	1
43	2	DECA-A	1.825	15.55	8.24	0.1255	15.8	1.062	0.0209	0.691	0.0119	0.05	0.366739642	27.2	47.05	0	25.6	17.5	10.6	18	11.8	5.7	88	70	49	9.7	1.4	0	980.12	973.93	0	19.3	13.4	9.9	15.9	12.5	9.7	99	95	70	4.7	0.4	0	977.72	975.82	0.79	23	12.7	3.5	9.6	5	1.9	97	65	27	8.7	1.2	0	975.82	971.72	0	15.9	8.5	2.6	10.9	6.8	2.4	99	90	64	8.7	0.8	0	975.72	970.74	4.29	-0.019875936	0.139190236	0.226828219	1.089744127	1
44	3	DIEU-A	1.935	13.05	6.89	0.054	9.905	1.54	0.11975	0.4815	0.0065	0.08425	0.374325379	25.2	43.6	0.0106	27	19.1	11.3	16.3	12.4	7.4	87	66	40	15.8	3.1	0	1010.84	1005.08	0	20.1	15.4	11.7	16.4	13.7	10.9	98	90	70	9.3	0.8	0	1008.81	1007.79	3.56	24.4	14.1	3.4	9.5	5.9	1.9	98	65	24	15.8	3.2	0	1007.79	1003.05	0	16.4	10.2	6.1	11.7	7.7	4.5	98	86	63	25.9	5.5	0	1007.79	1003.05	1.02	0.126382082	-0.095099505	-0.007696204	2.852553302	5
45	1	ESPE-B	0.7415	15.45	8.125	0.056	6.39	0.256	0.0142	0.1245	0.00585	0.0545	0.285985302	11.45	19.85	0	14.8	11.6	7.8	9.8	7.5	4.4	98	76	62	28.3	9.1	0	1023.03	1017.95	0	17.1	12.9	10.4	13	11.2	10	99	90	72	21.1	4.8	0	1027.77	1026.08	22.35	14.7	11.6	9	12.7	10.5	8.1	99	93	79	27.7	7.6	0	1024.04	1022.01	22.61	12.8	10.3	8.6	9.8	8.7	7.1	99	90	71	19.8	5.9	0	1021	1018.96	6.6	-0.285053043	0.223419859	-0.03064248	1.623956508	1
46	2	GAIL-B	3.455	12.5	7.955	0.123	19.15	1.85	0.03805	0.8395	0.00685	0.0351	0.357322489	41.6	72.1	0	26.8	19.3	12.6	16.3	11.9	6.6	84	63	47	14.6	1.9	0	1026.08	1021	0	20	15.2	11.5	16	13.1	10.5	95	88	72	8.5	0.2	0	1024.04	1022.01	0.25	24.8	14.8	6.2	9.1	5.7	2.1	87	60	24	15.4	1.9	0	1023.03	1017.95	0	16.4	10.2	6.4	11.5	7.3	4.8	90	83	62	23.3	4	0	1022.01	1017.95	2.29	-0.159359809	0.00814873	-0.293847049	1.180298538	1
47	1	JACO-A	1.9	12.4	7.255	0.0865	8.91	0.7635	0.03005	0.2665	0.00915	0.062	0.404542374	23.65	40.95	0	16.8	12.9	10.3	13.8	11.5	7.3	98	92	55	18.3	1.7	0	1028.45	1024.38	13.72	15.8	12	9.8	13.1	10.1	8.6	98	89	69	19.2	2.2	0	1027.09	1024.38	1.52	17.7	12.2	6.1	12.1	8.8	5.6	98	82	52	24.1	2.3	0	1023.37	1020.66	1.52	16.8	9.9	2.7	8.2	4.2	1.1	97	71	40	23	2.4	0	1026.75	1022.35	0	-0.303155802	-0.217792147	0.036063522	0.849026785	0.5
48	1	JACO-C	1.65	11.7	6.51	0.066	5.74	0.607	0.02075	0.299	0.0094	0.07075	0.44122033	19.3	33.4	0.0081	16.8	12.9	10.3	13.8	11.5	7.3	98	92	55	18.3	1.7	0	1028.45	1024.38	13.72	15.8	12	9.8	13.1	10.1	8.6	98	89	69	19.2	2.2	0	1027.09	1024.38	1.52	17.7	12.2	6.1	12.1	8.8	5.6	98	82	52	24.1	2.3	0	1023.37	1020.66	1.52	16.8	9.9	2.7	8.2	4.2	1.1	97	71	40	23	2.4	0	1026.75	1022.35	0	-0.390578262	-0.188162971	0.075864626	0.591242867	1
49	2	JUZET-B	3.635	17.9	7.54	0.1245	11.3	0.9265	0.0233	0.491	0.0148	0.0838	0.505728412	70.3	121.85	0.01495	23.3	16	10.3	14.8	12.7	10.3	100	83	52	6.9	1.1	0	1018.96	1016.59	0.53	20	14.1	9.9	13.7	11.6	9.4	98	85	59	5	0.6	0	1017.95	1015.24	0.51	14.9	10.5	9.1	11.4	9.5	8.1	100	94	67	4	0.4	0	1022.35	1018.63	5.74	20.5	15.6	11.8	13	11.7	10.2	98	79	58	7.2	1.7	0	1025.4	1022.69	0	0.223681205	0.222791244	-0.004495403	2.282360435	0.5
50	2	JUZET-C	6.535	18.35	7.27	0.221	15.5	1.93	0.0466	0.922	0.0376	0.192	0.368813573	120	207.5	0.0519	23.3	16	10.3	14.8	12.7	10.3	100	83	52	6.9	1.1	0	1018.96	1016.59	0.53	20	14.1	9.9	13.7	11.6	9.4	98	85	59	5	0.6	0	1017.95	1015.24	0.51	14.9	10.5	9.1	11.4	9.5	8.1	100	94	67	4	0.4	0	1022.35	1018.63	5.74	20.5	15.6	11.8	13	11.7	10.2	98	79	58	7.2	1.7	0	1025.4	1022.69	0	0.131204616	0.317744347	-0.200432249	1.784283572	1
51	2	LABA-A	2.7	16.6	7.3	0.095039634	12.80674847	1.295555215	0.052942025	0.587377914	0.004306442	0.038334663	0.333830307	44.8	77.6	0.01310184	27	19.4	14	16.5	13.5	11.1	93	71	45	24.5	4.4	0	1002.51	996.21	0	20	15.3	11.5	17.1	14	11	99	93	76	7.9	0.5	0	999.8	998.21	2.69	23.1	14.5	6.8	11.6	8	4.8	94	69	32	19.1	4.4	0	997.7	993.8	0	18.3	10.2	5.1	11.5	7.8	4.6	97	86	59	24.5	1.7	0	998.82	993.3	3.1	-0.059431858	0.321765578	-0.029320184	1.925154613	1
52	2	LABA-C	1.94	20.25	7.88	0.154	17.45	1.345	0.0439	0.7255	0	0.01195	0.380859766	39.45	68.15	0.0056	27	19.4	14	16.5	13.5	11.1	93	71	45	24.5	4.4	0	1002.51	996.21	0	20	15.3	11.5	17.1	14	11	99	93	76	7.9	0.5	0	999.8	998.21	2.69	23.1	14.5	6.8	11.6	8	4.8	94	69	32	19.1	4.4	0	997.7	993.8	0	18.3	10.2	5.1	11.5	7.8	4.6	97	86	59	24.5	1.7	0	998.82	993.3	3.1	-0.174646645	-0.018969004	0.122370253	1.008087708	2
53	2	LABAS-B	0.572	11.4	8.4	0.0285	6.2	0.1765	0.031	0.1165	0.00565	0.0338	0.142743084	6.54	11.35	0	31.8	20.1	12.5	18.8	14.6	12	97	74	34	10.3	1	0	1012.87	1009.82	17.78	25.7	16.1	11.7	16.2	13.1	10.7	95	83	51	7.4	0.7	0	1012.87	1009.82	0.25	19.4	12.9	11.2	12.9	10.6	9.1	95	86	58	32.3	8.8	0	1016.93	1012.87	1.02	23.5	16.5	11.7	14	11.7	10.6	94	75	48	10.8	3.2	0	1021	1017.95	0.25	-0.411929419	-0.05160719	0.197616369	0.517942818	1
54	1	LACR-C	4.6	10.85	8.135	0.1	22.2	0.931	0.1045	0.9785	0.00425	0.02625	0.37610686	49.75	86.1	0	19.4	14.4	10.4	14.4	12	8.8	93	86	66	16.1	2.9	0	1024.04	1019.98	9.4	19.7	14.2	10.9	12.9	10.1	6.5	95	78	50	16.1	2	0	1022.69	1020.32	0	18.8	12.3	6.1	11.9	8.6	5	95	80	48	15.4	3.3	0	1018.96	1015.92	1.02	18	10.4	3.3	8.4	4.4	1.1	89	69	42	19.8	4.5	0	1022.69	1017.95	0	0.154050235	0.268674065	0.336977384	1.216062695	0
55	2	LAMA-A	1.735	11.75	7.35	0.1385	12.725	1.403	0.0456	0.619	0.00475	0.03965	0.292394661	20.25	35	0.00275	25.1	19.1	14.2	16.8	13.8	11.4	91	73	48	29.5	5.5	0	1019.4	1013.31	0	19.8	15.3	11.5	17.4	14.4	11.4	99	95	81	11.9	1.1	0	1017.2	1015.41	2.11	23.3	15.4	8.5	12.2	8.4	5.5	96	66	33	30.6	6.6	0	1015.1	1011.01	0	17.5	10.3	6	11.5	8.4	5.9	99	88	62	32.4	5.1	0	1016.19	1010.7	2.31	-0.211742082	0.183080486	0.02511264	1.416267272	1
56	1	LANT-C	1.555	11.95	7.985	0.1565	12.3	4.585	0.03315	0.973	0.0048	0.0312	0.262437522	18.5	32.05	0.0041	17.3	15.3	13.4	15.7	13.1	8.2	96	86	57	29.2	7.7	0	1020.69	1017.2	10.21	19.4	15.2	12.4	13.9	12.1	10.9	95	82	61	29.5	11	1.1	1020.01	1017.1	0.79	17.2	13.8	10.9	13	11.2	9.7	94	85	73	18	6.4	0	1016.29	1013.61	0.99	17.2	11.8	6.2	8.5	5.4	2.7	79	66	52	23.4	6.4	0	1019.4	1015.31	0	-0.078444542	-0.102395457	-0.017705853	1.19238441	2.5
57	1	LANT-D	2.38	14.15	7.84	0.088	8.845	1.97	0.0148	0.4005	0.00845	0.0281	0.559802886	33.25	57.5	0	17.3	15.3	13.4	15.7	13.1	8.2	96	86	57	29.2	7.7	0	1020.69	1017.2	10.21	19.4	15.2	12.4	13.9	12.1	10.9	95	82	61	29.5	11	1.1	1020.01	1017.1	0.79	17.2	13.8	10.9	13	11.2	9.7	94	85	73	18	6.4	0	1016.29	1013.61	0.99	17.2	11.8	6.2	8.5	5.4	2.7	79	66	52	23.4	6.4	0	1019.4	1015.31	0	-0.190081192	-0.332937023	-0.08731519	0.875760605	1
58	2	LAUZ-A	2.3265	13.3	7.915	0.081	13.055	1.4095	0.0255	0.368	0	0	0.254574916	31.84	55.1	0	29.9	19	11.8	16.5	11.6	6	90	64	38	9.3	0.9	0	998.98	992.89	0	23.4	15.4	10.9	16.8	13	9.9	95	86	60	6.4	0.1	0	996.95	994.92	1.78	28.7	13.1	2.3	8.2	3.9	0.6	96	62	20	10	0.7	0	994.92	990.86	0	15.8	8.1	3.1	11.3	6.2	2.4	96	89	64	12.6	0.3	0	994.92	989.84	2.79	0.040118912	0.392573051	-0.393852472	1.003384882	1.5
59	2	LECT-A	3.61	12.5	7.74	0.121	16.65	0.895	0.03885	0.5955	0.00695	0.0379	0.424577205	46.35	80.15	0.0025	27.8	21.1	14.7	18.9	15.8	12.8	90	73	53	10.1	1.9	0	1029.8	1026.75	0	24.4	17.8	13.3	17.9	14.4	11.5	91	81	60	9	1.4	0	1029.8	1026.75	0	21.1	15.2	12.8	15.1	12	10.4	92	82	56	24.1	8.1	0	1033.19	1029.12	0	21.4	16.9	12.1	14.3	12.3	10.1	89	75	59	14	2.9	0	1038.27	1034.88	0	-0.225324468	0.229062547	0.034233121	1.672356378	2
60	1	LESP-A	1.95	16.75	7.79	0.2175	17.6	1.4	0.02835	0.8635	0	0.0143	0.532023817	29.35	50.8	0	18.3	14.8	12.9	14.8	13.2	11.4	99	90	67	22.3	5.5	0	1020.29	1016.39	17.3	18.6	14.6	11.9	13.7	11.9	11	98	85	64	24.8	8.3	0	1019.1	1016.29	4.8	19.5	14.2	9	12.8	10.3	7.9	95	78	57	23	6.7	0	1015.41	1012.5	1.3	17.4	11.8	5.4	8.7	5.2	2.2	81	65	49	21.2	6.1	0	1018.8	1014.19	0	-0.285914049	0.11618276	0.299799758	0.829575345	1
61	1	LOUB-A	1.362	16.35	7.735	0.144	11.3	0.757	0.1115	1.0655	0	0.0109	0.378977425	20.7	35.8	0	17.3	11.3	9.2	12	9.8	7	97	89	62	17.6	8.7	0	1019	1014	16.76	17.6	13.5	12.1	14	12.6	12	96	93	72	20.9	12.4	4.7	1022	1018	0	25.7	19.2	14.7	18	15.7	12	97	80	60	10.1	2.8	0	1017	1014	0	23.5	16.2	7	11	5.4	1	72	50	35	13.7	3.1	0	1011	1006	0	-0.024455139	0.409443977	-0.177940819	1.037776991	1
62	1	LOUB-B	2.02	11.5	8.24	0.1025	18.05	1.475	0.1178	1.78	0.0045	0.034	0.38559558	23.05	39.85	0	17.3	11.3	9.2	12	9.8	7	97	89	62	17.6	8.7	0	1019	1014	16.76	17.6	13.5	12.1	14	12.6	12	96	93	72	20.9	12.4	4.7	1022	1018	0	25.7	19.2	14.7	18	15.7	12	97	80	60	10.1	2.8	0	1017	1014	0	23.5	16.2	7	11	5.4	1	72	50	35	13.7	3.1	0	1011	1006	0	0.262052148	-0.023425219	0.083472151	1.590516453	1
63	2	LUNA-A	2.1325	10.65	8.03	0.1075	14.7	1.655	0.0363	1.0315	0.00695	0.04125	0.38656004	22.75	39.3	0	25.8	17	8	13.9	9.1	6.2	89	62	32	12.2	2.5	0	1025.8	1019.81	0	16.1	13.8	12.6	15.5	13.4	12.3	99	98	92	17.3	4.8	0	1024.21	1021	11.99	18.9	11.8	5.1	9.2	5.5	3.4	91	67	41	23	2.8	0	1024.31	1020.22	0	19.9	14.2	11.6	12.4	10	8.5	88	77	54	18	4.4	0	1031.9	1022.49	0	0.200174224	-0.147968335	-0.051285673	0.665354065	4.5
64	1	LUZE-A	1.385	21	7.885	0.0225	6.125	0.2795	0.0147	0.1255	0.0044	0.0334	0.215643857	29.35	50.75	0	17.5	13.2	10.8	13.7	11.7	7.4	96	91	67	11.1	0.6	0	1025.13	1021.13	8.41	18.2	12.8	10	13.2	10.2	8	97	85	58	11.6	1	0	1023.74	1020.73	0	18.1	12.1	6.7	11.5	8.3	5.3	93	79	56	13.4	1.9	0	1019.91	1017.14	0.2	16.8	10	3.3	8.9	4.2	1.1	88	68	43	14.8	2.5	0	1018.83	1014.22	0	-0.234709937	0.067947326	-0.160994528	1.813096631	1
65	1	LUZE-E	1.52	20.35	8.135	0.0895	7.845	0.3175	0.0295	0.1935	0.00495	0.037	0.218226127	30.85	53.4	0	17.5	13.2	10.8	13.7	11.7	7.4	96	91	67	11.1	0.6	0	1025.13	1021.13	8.41	18.2	12.8	10	13.2	10.2	8	97	85	58	11.6	1	0	1023.74	1020.73	0	18.1	12.1	6.7	11.5	8.3	5.3	93	79	56	13.4	1.9	0	1019.91	1017.14	0.2	16.8	10	3.3	8.9	4.2	1.1	88	68	43	14.8	2.5	0	1018.83	1014.22	0	-0.218354432	-0.08918439	0.15850289	1.571769168	1.5
66	2	MARS-B	1.76	25.9	8.085	0.143	10.12	1.155	0.0246	0.6375	0	0.0116	0.283948939	44.4	77.05	0	25.2	15.7	5.8	15.8	9.7	5.4	98	71	38	16.9	5.7	0	1012.94	1006.84	0	14.1	13	11.6	13.5	12.6	11.3	99	97	94	13.4	2.8	0	1011.14	1007.92	12.19	19.2	10.2	0.7	11.2	5.6	0.3	98	76	38	10.5	0.9	0	1012.02	1007.32	0	21.2	14.3	7.7	12.5	9.8	6.9	97	76	45	14.8	2.6	0	1018.63	1009.52	0	-0.231950059	0.249285165	-0.100966114	1.459909695	3.5
67	2	MASS-A	2.615	12.75	7.84	0.0475	11.75	0.8185	0.02705	0.226	0.0074	0.038	0.33159942	33.3	57.55	0	27.2	17.4	7.1	14.1	9.1	6	95	61	31	15.5	2.7	0	1017.81	1011.51	0	17.5	14.3	13	16.5	13.9	12.7	99	98	90	10.8	2.8	0	1016.29	1013.21	10.69	20	11.5	3.2	9.2	5.7	2.4	99	71	35	10.8	1.6	0	1016.9	1012.19	0	20.9	15.1	11	12	10	8.8	89	73	48	9.4	2	0	1024.11	1014.6	0	-0.326421624	-0.223005436	0.055929796	1.609962738	3.5
68	2	MEDA-A	0.931	11.25	8.175	0.037	7.57	0.2565	0.01785	0.104	0.00255	0.04035	0.290190732	10.465	18.15	0	25.5	17	7.4	15.9	10.5	6.7	99	69	38	20.6	4	0	1018.29	1012.19	0	15.2	13.5	12.6	15.1	13.4	12.5	99	99	98	10.5	0.7	0	1016.93	1013.55	8.13	18.9	11.3	2.4	11	6.5	2.3	99	74	42	15.8	0.8	0	1017.61	1012.87	0	21.7	15.2	10.4	14.1	11.3	9.6	97	80	50	16.6	1.1	0	1024.38	1014.9	0	-0.170135291	0.389856565	-0.0668254	1.277989896	2
69	3	MERE-A	3.755	12.7	7	0.121	13.4	1.032	0.0181	0.429	0.0105	0.06045	0.352676229	47.8	82.65	0.0097	15.3	10.3	6.4	8.3	4.7	-0.7	90	69	45	11.9	1.1	0	1013.04	1008.64	2.31	13.3	7.3	4.6	3.2	0.5	-2.6	88	64	38	18	2.3	0	1010.43	1007.21	0	14.4	6.8	0.3	6.2	0.8	-5.4	94	70	30	14.3	1.7	0	1007.42	1005.01	0.3	10.9	4.3	0	0.4	-4.8	-12.6	76	52	36	19.8	2.9	0	1008.43	1004.74	0	0.227608886	-0.245524619	-0.105344644	1.730944905	4.5
70	3	MERE-B	1.26	12.2	7.93	0.199	8.27	0.164	0.0366	0.194	0.0097	0.0666	0.239917765	15.3	26.5	0	15.3	10.3	6.4	8.3	4.7	-0.7	90	69	45	11.9	1.1	0	1013.04	1008.64	2.31	13.3	7.3	4.6	3.2	0.5	-2.6	88	64	38	18	2.3	0	1010.43	1007.21	0	14.4	6.8	0.3	6.2	0.8	-5.4	94	70	30	14.3	1.7	0	1007.42	1005.01	0.3	10.9	4.3	0	0.4	-4.8	-12.6	76	52	36	19.8	2.9	0	1008.43	1004.74	0	0.041605189	0.240323208	-0.283096262	2.4155456	4
71	2	MERV-A	0.495	11	8.455	0.0615	8.975	0.9015	0.045	0.256	0.0046	0.04495	0.293572278	5.47	9.485	0	25.2	19.1	14.4	16.5	13.5	8.1	91	71	48	39.6	9.5	0	1017.61	1011.41	0	19.6	14.9	11.3	16.7	14.1	11.1	99	95	82	20.9	2.1	0	1015.82	1013.92	1.3	24.1	13.7	6	10.9	7.3	4.7	92	69	33	43.1	6.3	0	1013.82	1009.31	0	16.2	10.2	6.3	11.6	8.2	6	99	88	67	52.1	9.3	0	1014.43	1008.94	0.71	-0.341725446	0.153022917	-0.058762122	1.65290361	1.5
72	2	MONB-A	2.25	12.7	8.135	0.043	15.4	1.24	0.0397	0.5955	0.0052	0.0331	0.39227066	29.05	50.25	0	31.8	20.1	12.5	18.8	14.6	12	97	74	34	10.3	1	0	1012.87	1009.82	17.78	25.7	16.1	11.7	16.2	13.1	10.7	95	83	51	7.4	0.7	0	1012.87	1009.82	0.25	19.4	12.9	11.2	12.9	10.6	9.1	95	86	58	32.3	8.8	0	1016.93	1012.87	1.02	23.5	16.5	11.7	14	11.7	10.6	94	75	48	10.8	3.2	0	1021	1017.95	0.25	-0.099702583	0.111103332	0.231352493	1.2134021	1.5
73	3	MONE-A	3.245	14.35	6.98	0.047	9.555	2.38	0.12845	0.75	0.0028	0.0159	0.469777877	47.3	81.7	0.0948	25.4	18.3	12.7	15.7	10.6	4.6	82	61	43	11.7	2.1	0	1021.67	1015.92	0	19.6	13.9	10.3	15.2	12	9.6	96	89	66	8.9	1.2	0	1018.63	1016.93	4.8	23.8	14.7	6.2	10.4	4.8	2.2	84	56	27	10.3	1.4	0	1016.93	1012.87	0	15	9	5.8	10.4	6.1	3.7	91	83	65	20.8	3.3	0	1016.59	1011.51	0.81	0.176087813	-0.187480895	-0.036716785	2.027078861	5
74	3	MONF-A	1.0535	29.45	7.645	0.0195	5.89	0.523	0.02895	0.1705	0.00925	0.03175	0.214828604	33.3	57.55	0.01205	26.8	16.8	4.6	13.7	8.7	4.1	98	65	32	15.4	2.3	0	1022.01	1015.92	0	14.7	13.5	12.3	13.8	12.8	11.4	97	95	91	14.6	2.4	0	1019.98	1016.93	7.87	21.2	10.8	1.3	10.9	5.8	0.7	97	75	35	12.9	1.1	0	1021	1015.92	0	20.9	15	8.8	12.6	10.4	7.6	92	76	47	14.3	3.8	0	1027.09	1017.95	0	0.204678084	-0.119056289	-0.020827354	1.741644037	3
75	2	MONTG-B	1.52	14.25	7.79	0.0895	8.03	0.8715	0.01475	0.368	0.00445	0.04045	0.329252288	21.7	37.5	0	29	18.2	6.6	14.9	8.8	3.1	96	59	20	12.6	3.2	0	1016.93	1011.18	0	18	14.4	12.2	16.7	13.9	12	99	97	87	13.4	1.5	0	1016.26	1013.21	9.91	17.5	10.2	1.9	9.1	5.8	1.7	99	77	48	12.2	1.8	0	1016.59	1011.85	0	17.4	13.2	9	12.9	10.8	8.7	99	86	70	10.8	1.4	0	1023.71	1014.56	0	-0.303113722	-0.21817341	-0.026349825	1.530486772	3
76	2	MONTI-A	1.64	10.54	8.3	0.09	17.7	0.649	0.03355	0.6205	0.00285	0.0134	0.472654556	17.35	29.95	0	27.1	18	8	14.1	9.7	5.1	83	61	39	11.9	2.7	0	1012.53	1006.77	0	17.3	14.1	12.8	16.1	13.1	11.5	96	93	90	16.9	3.1	0	1010.84	1007.79	7.62	21.9	13.7	4	11.3	6.2	1.7	85	62	43	7.9	1.3	0	1011.18	1007.11	0	24	15.6	11.4	13.6	9.9	7.6	81	70	51	10.1	2.9	0	1018.63	1009.14	0	0.052391835	0.216139591	-0.313648475	1.447151108	1.5
77	2	MONTM-A	3.56	10.68	7.955	0.182	14.245	0.6605	0.01795	0.2745	0.0036	0.034	0.324249294	34.4	59.5	0	23.3	16	10.3	14.8	12.7	10.3	100	83	52	6.9	1.1	0	1018.96	1016.59	0.53	20	14.1	9.9	13.7	11.6	9.4	98	85	59	5	0.6	0	1017.95	1015.24	0.51	14.9	10.5	9.1	11.4	9.5	8.1	100	94	67	4	0.4	0	1022.35	1018.63	5.74	20.5	15.6	11.8	13	11.7	10.2	98	79	58	7.2	1.7	0	1025.4	1022.69	0	0.115579333	0.397095267	0.040877069	1.287319306	1
78	1	NAUV-A	2.67	11.65	8.135	0.134	16.55	1.515	0.0139	0.714	0.0027	0.01705	0.319675576	30.95	53.55	0	19.2	14.8	8.9	10.3	7.4	3.4	86	63	44	15.4	3.1	0	1015.92	1010.84	0	22.9	15.9	10.4	14.5	12.5	9.8	96	82	55	11.4	1.4	0	1019.98	1017.95	0	22.6	15	7.7	12.5	9.6	6.7	95	73	42	14	1.9	0	1016.93	1013.88	0.25	18.3	13.6	10.2	11.2	8.9	6.3	95	76	47	11.7	1.6	0	1012.87	1010.84	3.81	-0.398878273	-0.009885349	0.216091783	0.459633896	1.5
79	1	NAUV-B	1.225	10.9	8.25	0.0655	12.85	1.345	0.0229	0.7505	0.0055	0.03615	0.382165465	13.3	23	0	19.2	14.8	8.9	10.3	7.4	3.4	86	63	44	15.4	3.1	0	1015.92	1010.84	0	22.9	15.9	10.4	14.5	12.5	9.8	96	82	55	11.4	1.4	0	1019.98	1017.95	0	22.6	15	7.7	12.5	9.6	6.7	95	73	42	14	1.9	0	1016.93	1013.88	0.25	18.3	13.6	10.2	11.2	8.9	6.3	95	76	47	11.7	1.6	0	1012.87	1010.84	3.81	0.245196847	-0.130237637	-0.046074956	1.581092514	1
80	3	NAYR-A	3.54	12.5	5.47	0.0745	7.175	1.582	0.0441	0.446	0.00655	0.284	0.306686	44.05	76.25	0.04825	16.1	11	7.2	10.4	8.2	4.4	99	84	62	21.2	5.4	0	1014.53	1009.72	0	18.4	13	9.5	14.6	11.8	9.3	99	93	76	19.8	4.9	0	1019.64	1016.93	0	17.7	11.8	7.6	13.1	10	7.4	99	90	66	24.8	7	0	1015.82	1012.53	5.41	14.1	10.7	8.8	10.4	8.8	7	99	89	68	24.8	8.8	0	1012.84	1010.33	2.49	0.04633987	-0.21869941	-0.051591934	1.761993699	5
81	2	NAZA-A	2.15	10.625	8.07	0.08	11.3	1.495	0.0155	0.352	0	0.01045	0.323184253	23.1	39.95	0	25.4	18.5	12.2	17.8	13.4	7.8	90	73	54	0	0	0	1014.83	1008.64	0	19.6	15	11.3	16.4	13.8	10.7	99	93	80	0	0	0	1012.84	1010.94	1.6	24.5	13.3	2.6	11.7	6.5	2.1	98	69	29	0	0	0	1010.94	1006.33	0	15.3	9.6	5.3	11.3	7.5	4.8	97	87	69	0	0	0	1011.41	1006.03	1.5	-0.343809667	-0.172306423	0.075337015	1.048383246	1
82	1	PAMP-A	3.355	12.25	6.23	0.0625	9.66	2.06	0.0249	0.356	0.00325	0.0268	0.293103185	41.05	71.05	0.05715	16.9	10	7.6	13.6	9.1	7.3	99	94	72	9.3	0.8	0	1012.73	1009.62	10.39	24.7	17.8	12.4	17.5	10.9	5.2	83	65	48	10.5	0.9	0	1016.02	1010.63	0	22.4	16.1	12.8	16.7	13.5	11.8	95	85	60	4.7	0.1	0	1012.73	1010.53	0.51	22.1	13.7	5.7	11	5.7	3.5	88	62	32	15.4	1.7	0	1008.53	1002.44	0	0.161859505	-0.076396	0.066417826	2.250340876	5
83	1	PAMP-B	2.6	12.3	8.21	0.059	16.6	1.31	0.0454	0.875	0	0	0.309995173	32.1	55.5	0	16.9	10	7.6	13.6	9.1	7.3	99	94	72	9.3	0.8	0	1012.73	1009.62	10.39	24.7	17.8	12.4	17.5	10.9	5.2	83	65	48	10.5	0.9	0	1016.02	1010.63	0	22.4	16.1	12.8	16.7	13.5	11.8	95	85	60	4.7	0.1	0	1012.73	1010.53	0.51	22.1	13.7	5.7	11	5.7	3.5	88	62	32	15.4	1.7	0	1008.53	1002.44	0	0.263475685	-0.014958616	0.072237244	1.903967883	2.5
84	3	PASD-B	1.18	12.1	7.38	0.015	8.12	1.19	0.0611	0.444	0	0	0.297159446	14.3	24.7	0.0111	20	13	9.1	11.7	9.1	5.8	96	80	44	11.4	0.9	0	994.92	989.84	0	21.6	14.4	9.3	14	9.7	5.8	96	76	39	14.6	2	0	1006.77	1005.08	0	13.6	10.8	7.4	13.1	10.2	6.8	97	97	95	11.1	0.7	0	994.92	988.83	20.57	9.6	5.8	0.1	5.5	1.7	-2.1	93	76	57	12.9	2.4	0	1002.03	998.98	0	0.242664479	-0.101578266	-0.013999042	1.420932474	3.5
85	2	PREI-A	2.535	16.8	8.25	0.041	16.15	0.9155	0.0186	0.344	0.0031	0.01785	0.333928612	42.65	73.8	0	25.5	17	7.4	15.9	10.5	6.7	99	69	38	20.6	4	0	1018.29	1012.19	0	15.2	13.5	12.6	15.1	13.4	12.5	99	99	98	10.5	0.7	0	1016.93	1013.55	8.13	18.9	11.3	2.4	11	6.5	2.3	99	74	42	15.8	0.8	0	1017.61	1012.87	0	21.7	15.2	10.4	14.1	11.3	9.6	97	80	50	16.6	1.1	0	1024.38	1014.9	0	0.029159685	0.070531672	0.174540565	1.928654485	1.5
86	1	REAL-A	1.965	12.55	7.585	0.028	12.3	3.195	0.0209	1.045	0.0041	0.0415	0.389459914	24.65	42.7	0.02305	14.8	10	8.5	11.7	9.2	8.3	99	95	74	23	3.3	0	1019.64	1016.59	16.26	24.9	18	11.2	17.1	12.1	5.9	86	69	53	16.9	1.3	0	1021.33	1015.24	0	26.1	18.1	12.8	18.6	14.5	11	97	81	51	9.7	0.6	0	1018.96	1015.58	0	21.8	14.7	6	12.3	7.4	3.7	88	64	36	22.4	1.4	0	1013.21	1007.45	0	0.242031551	-0.120399635	-0.014002591	2.47182797	3
87	1	SALV-A	3.37	18.2	7.69	0.078	14.05	1.2185	0.3715	0.7155	0.00365	0.0201	0.385665613	59.85	103.4	0.0032	17.1	13	9.9	11.2	8.9	5.6	90	77	55	34.6	12.2	0	1024.04	1018.96	26.42	19.7	15.1	11.3	13.2	11.5	10	92	80	61	20.1	5.6	0	1028.45	1025.74	0	18.8	13.9	10.8	12.9	11	8.9	93	83	61	33.2	8.7	0	1024.72	1022.01	6.35	16.1	12.3	9.4	11.2	9.7	8.4	94	85	68	18.7	5.7	0	1021.67	1019.3	0.51	0.265109518	0.027435383	0.082551176	2.587720076	2
88	2	SAMA-A	0.9395	10.3	7.13	0.0385	8.865	1.25	0.04825	0.8765	0.01	0.0603	0.380118311	9.63	16.7	0.036	23.9	16.6	9.3	13.6	9.9	7.6	94	67	40	21.9	5.4	0	1003.05	997.63	0	13.4	12.7	11.6	13.3	12.6	11.5	99	99	99	14	0.1	0	1001.36	998.31	10.92	18.9	12.2	5.1	9.9	6.6	4.1	94	70	45	11.9	0.2	0	1002.03	997.97	0	19.7	14.2	10.8	12.4	10.7	9.6	94	81	56	15.4	0.5	0	1008.81	999.66	0	-0.060575951	0.08967388	-0.316672104	1.126171446	3
89	2	SAUB-B	8.5	14.35	6.87	0.228	22.75	3.615	0.0551	1.14	0.003	0.02885	0.33553503	122	210.5	0.04215	24.5	18.8	14.5	14.3	12	10.2	85	66	42	28	6.4	0	1010.84	1005.08	0	18.8	15.1	11.5	15.3	13.4	10.7	98	90	75	11.1	1.6	0	1008.81	1006.77	2.79	22.5	15	8.6	9.9	6.7	2.9	88	61	30	19.8	6.5	0	1006.77	1003.05	0	16.9	10.6	6.6	10.3	7.3	5.2	95	81	56	37.3	6.3	0	1007.79	1002.03	1.78	-0.175121319	-0.145009643	0.058755252	1.555244064	1
90	3	SAUB-C	1.735	11.05	7.295	0.123	10.25	1.185	0.0488	0.8535	0.0026	0.01735	0.359622487	19.3	33.35	0.01815	24.5	18.8	14.5	14.3	12	10.2	85	66	42	28	6.4	0	1010.84	1005.08	0	18.8	15.1	11.5	15.3	13.4	10.7	98	90	75	11.1	1.6	0	1008.81	1006.77	2.79	22.5	15	8.6	9.9	6.7	2.9	88	61	30	19.8	6.5	0	1006.77	1003.05	0	16.9	10.6	6.6	10.3	7.3	5.2	95	81	56	37.3	6.3	0	1007.79	1002.03	1.78	0.135482682	-0.18786788	-0.076620793	1.893108932	4.5
91	2	SIMO-A	2.925	13.6	7.93	0.2215	20.25	1.215	0.0269	1.0565	0	0.02175	0.353902313	39.7	68.65	0	25.7	17.6	9	15.6	10.4	6.8	87	64	41	2.2	0	0	1016.59	1011.85	0	14.5	13.1	12.2	14.2	12.7	12	99	98	95	20.2	0.4	0	1014.22	1011.18	9.91	19.5	12.3	6.1	10.9	6.3	3.6	85	68	43	0	0	0	1015.24	1011.85	0	21.7	14.8	11.2	13.3	10.5	9.1	89	76	53	11.2	0.1	0	1022.69	1013.55	0	-0.034823413	0.364860236	-0.269653181	1.527653186	3.5
92	1	SORE-A	2.28	10.1	8.05	0.097	12.9	3.11	0.0382	0.693	0	0	0.504970517	23.1	40	0	16.4	13.2	10.8	11.2	9.1	5.3	94	78	49	30.9	12.4	0	1017.95	1012.87	1.52	21.2	16.2	12.9	14	11.9	10.4	94	78	53	17.9	6.2	0	1022.01	1019.98	5.08	18.8	14.6	12	12.7	11.5	9.8	95	83	57	28	10.7	0	1017.95	1015.92	16.26	17.1	13.3	10.2	11.8	10.5	9.1	94	84	65	21.1	6.2	0	1015.92	1012.87	4.32	0.270422772	-0.156139652	-0.050264165	1.379566768	5
93	3	THOM-A	0.8815	18.25	7.73	0.035	5.84	0.2935	0.0289	0.2455	0	0.02595	0.222308661	16.1	27.85	0.0029	25.6	15.8	4.5	12.1	8.3	4.3	99	67	30	15.4	1.6	0	1019.64	1014.12	0	14	13	11.2	13.8	12.7	11	99	99	95	20.6	3.5	0	1018.22	1014.53	10.69	18.8	11.3	2.8	9.2	6	2.6	99	73	43	12.2	0.8	0	1018.42	1014.22	0	20.2	14.6	8.7	12	10.2	7.9	96	76	50	18.7	4.3	0	1025.03	1016.02	0	-0.063981448	-0.056569923	0.039707713	2.042690912	3.5
94	1	VALE-A	1.365	12.75	8.12	0.097	14.55	1.23	0.0309	0.719	0.0056	0.0406	0.385989996	17.45	30.2	0	13.7	9.2	7.1	11.6	8.5	6.9	99	96	80	15.1	4.7	0	1012.63	1009.62	9.6	25.2	17.2	12.1	13.7	10.5	6.2	85	66	44	16.6	4	0	1016.53	1010.94	0	23.2	16	11.9	17	13.1	10.9	99	84	61	9.3	1.1	0	1013.92	1010.74	0.79	20.1	13.7	7.6	9.7	6.2	4.2	80	62	40	19.5	3	0	1008.84	1003.01	0	0.250560692	0.11206679	0.169674913	0.601679755	0.5
95	1	VICT-C	2.21	10.9	7.73	0.134	9.53	2.14	0.0132	0.479	0	0.0309	0.365562656	24.1	41.7	0	15.2	15	14.7	7.1	6.6	6.2	60	58	56	17.5	13	8.5	1014.9	1013.88	0	12.9	12.9	12.9	10.6	10.5	10.4	86	86	85	11.1	6.7	3.5	1022.69	1022.69	0	19.9	18.2	16.1	13.4	11.7	9.9	77	66	57	18.3	9.4	2.1	1015.92	1014.9	0	15	14.5	13.8	10.4	10	9.2	77	74	71	19.8	12.8	6.1	1009.14	1008.47	0	0.122549464	0.295160801	-0.043084869	2.234213357	2
96	1	VIEL-A	2.25	34.85	8.055	0.0465	12	0.8145	0.02565	0.4235	0.0026	0.0101	0.24818978	78.55	135.5	0	16.3	11	8.6	10.1	8.5	7.2	93	85	65	12.2	6.5	1	1019.54	1015.68	11.94	25.7	19.2	13.3	16.6	12.3	6.1	80	65	54	10.8	3.8	0	1020.18	1014.36	0	24.8	18.9	14.2	18.1	14.7	11.8	92	78	62	6.1	2.1	0	1018.15	1014.22	0	24.4	16.7	10.1	11.2	6.5	3.6	67	52	37	8.2	2.8	0	1013	1006.6	0	-0.161998879	-0.155871293	0.109023756	1.497565975	4
97	1	VILLE-B	1.345	12.4	8.16	0.091	11.66	1.0375	0.0616	1.102	0.0034	0.01745	0.431059267	15.475	26.75	0	15.1	10.9	9.3	12.3	9.6	8.6	98	92	73	24.5	5.7	0	1019.81	1015.24	21.41	24.9	18.8	14.9	15.9	13.5	10.4	89	73	50	46.5	9.4	0	1020.73	1013.51	0	27.1	19	13.8	18.6	14.9	11.1	99	79	47	19.5	4.1	0	1018.22	1013.82	0.3	23.6	14.7	4	10.6	7.2	3	95	65	33	19.8	3.1	0	1013.24	1006.13	0	-0.094190482	-0.289469954	-0.080919587	1.297455885	1.5
98	1	VILLE-C	2.045	18.8	7.79	0.1135	13.145	0.673	0.04135	0.6565	0	0	0.338577208	36.3	62.85	0	15.1	10.9	9.3	12.3	9.6	8.6	98	92	73	24.5	5.7	0	1019.81	1015.24	21.41	24.9	18.8	14.9	15.9	13.5	10.4	89	73	50	46.5	9.4	0	1020.73	1013.51	0	27.1	19	13.8	18.6	14.9	11.1	99	79	47	19.5	4.1	0	1018.22	1013.82	0.3	23.6	14.7	4	10.6	7.2	3	95	65	33	19.8	3.1	0	1013.24	1006.13	0	0.160539761	0.160533993	-0.308919713	1.71436937	2
99	1	VILLE-D	1.26	26.2	7.82	0.038	8.58	0.26	0.0172	0.164	0	0.0232	0.189715949	33	57.1	0	15.1	10.9	9.3	12.3	9.6	8.6	98	92	73	24.5	5.7	0	1019.81	1015.24	21.41	24.9	18.8	14.9	15.9	13.5	10.4	89	73	50	46.5	9.4	0	1020.73	1013.51	0	27.1	19	13.8	18.6	14.9	11.1	99	79	47	19.5	4.1	0	1018.22	1013.82	0.3	23.6	14.7	4	10.6	7.2	3	95	65	33	19.8	3.1	0	1013.24	1006.13	0	0.17500001	0.165766816	0.251082318	0.675142589	1
100	2	VILLEM-A	3.485	12.65	5.33	0.062	6.645	1.051	0.04715	0.4735	0.0089	0.433	0.441805461	44.2	76.5	0.0845	28.9	18.5	9.5	16.1	9.8	5	83	61	25	8	1.3	0	1018.29	1011.85	0	18.2	14.9	12.8	15	13.5	12.2	96	91	80	9.7	2.4	0	1016.93	1014.56	7.87	18.4	11.9	4.9	7.8	5.9	2.8	90	68	42	6.4	1.5	0	1017.95	1013.21	0	19.1	14.9	11.7	12.8	10.6	8.9	86	76	64	6.4	1.3	0	1025.06	1015.58	0	-0.346989009	0.200155063	-0.111842177	1.406221023	4.5
